0 1 0.16438441 0.45280683
0 2 0.339288503 0.67162168
1 1 0.0156731699 0.0418227836
1 2 0.510871768 0.599002779
2 1 0.0152312312 0.0376201347
2 2 0.517050385 0.588492632
3 1 0.0150666032 0.0357546173
3 2 0.520599604 0.586048067
4 1 0.0154757872 0.0354465842
4 2 0.521747768 0.584799528
5 1 0.016631417 0.0366479754
5 2 0.52050817 0.584008694
6 1 0.0189663731 0.0398838595
6 2 0.51586616 0.583524227
7 1 0.0235008299 0.0465260148
7 2 0.504402637 0.583223879
8 1 0.0318692364 0.0588208884
8 2 0.473544031 0.582462192
9 1 0.0303598251 0.060840793
9 2 0.375226408 0.57893002
10 1 0.0193116013 0.0369076282
10 2 0.312817514 0.580651879
11 1 0.0106546115 0.0303674676
11 2 0.297407985 0.58019942
12 1 0.00796928816 0.0226640254
12 2 0.296323061 0.578363836
13 1 0.00718433317 0.0241133533
13 2 0.285185307 0.577087462
14 1 0.006004808 0.0222756676
14 2 0.282595277 0.575490952
15 1 0.00676213112 0.0248677209
15 2 0.27584964 0.573830903
16 1 0.00617816113 0.0251764152
16 2 0.272355855 0.571814775
17 1 0.00759551767 0.029025102
17 2 0.267381996 0.569474459
18 1 0.00789834466 0.0314232744
18 2 0.263954878 0.566637278
19 1 0.00909450091 0.0355709754
19 2 0.259076178 0.563243389
20 1 0.00991121121 0.0394159928
20 2 0.254589289 0.559154928
21 1 0.0111603215 0.0441465825
21 2 0.249795064 0.554288447
22 1 0.0122391796 0.0486730672
22 2 0.244994074 0.548552334
23 1 0.0134379631 0.0532343425
23 2 0.239876732 0.541911244
24 1 0.0144088622 0.0570662618
24 2 0.235006332 0.534364581
25 1 0.0152560454 0.0601037182
25 2 0.230304793 0.525978982
26 1 0.0158094615 0.0619210228
26 2 0.226065353 0.51689136
27 1 0.0161640141 0.0625619441
27 2 0.222246215 0.507342696
28 1 0.0162812695 0.0619863458
28 2 0.219021857 0.49767223
29 1 0.016277967 0.0604967102
29 2 0.217231467 0.48827529
30 1 0.0161866006 0.0583657287
30 2 0.21762538 0.479511559
31 1 0.0161198769 0.0560002103
31 2 0.217847466 0.471627951
32 1 0.0161157325 0.0536651462
32 2 0.218020111 0.464727551
33 1 0.0162492935 0.0516078621
33 2 0.218184888 0.458794862
34 1 0.0165387616 0.0499341525
34 2 0.218424067 0.453741819
35 1 0.0170299169 0.0487393588
35 2 0.218755871 0.449451774
36 1 0.0177337099 0.0480444059
36 2 0.219229192 0.445806772
37 1 0.0186865162 0.0478891954
37 2 0.219853014 0.442701399
38 1 0.0199045595 0.0482815653
38 2 0.220664576 0.440047413
39 1 0.0214268416 0.0492581166
39 2 0.221677154 0.437773854
40 1 0.0232807752 0.0508421063
40 2 0.222929329 0.435825408
41 1 0.0255137049 0.0530854166
41 2 0.22444576 0.434160352
42 1 0.0281667262 0.05603531
42 2 0.226274073 0.432748616
43 1 0.0312980972 0.0597648323
43 2 0.228455663 0.43157053
44 1 0.0349621549 0.0643458515
44 2 0.231054515 0.430615932
45 1 0.0392266177 0.0698712692
45 2 0.234135419 0.429883361
46 1 0.0441531241 0.0764303431
46 2 0.237787858 0.429380059
47 1 0.0498079434 0.084122099
47 2 0.242108822 0.429120272
48 1 0.0562391058 0.0930261612
48 2 0.247223467 0.429124206
49 1 0.063477084 0.103202552
49 2 0.25326854 0.429413497
50 1 0.0714989603 0.114644676
50 2 0.260406435 0.430003673
51 1 0.0802105591 0.127252162
51 2 0.26879555 0.43088764
52 1 0.0893810838 0.140741676
52 2 0.278577328 0.432009041
53 1 0.0986050069 0.154583648
53 2 0.289781928 0.433215082
54 1 0.107235476 0.167897448
54 2 0.302195579 0.434190601
55 1 0.114528067 0.179592222
55 2 0.315029085 0.434381992
56 1 0.120205499 0.189047426
56 2 0.326457798 0.433009505
57 1 0.126031786 0.19812125
57 2 0.333239347 0.429370999
58 1 0.137151659 0.213147938
58 2 0.33155939 0.423602343
59 1 0.159351334 0.242031962
59 2 0.319410592 0.416959286
60 1 0.189768821 0.282929987
60 2 0.298172802 0.409544528
61 1 0.20714055 0.310706884
61 2 0.277577639 0.397499382
62 1 0.21410571 0.321579367
62 2 0.271336079 0.379995227
63 1 0.168237925 0.270975322
63 2 0.219572157 0.305269361
64 1 0.0495449826 0.10406965
64 2 0.120799482 0.147497192
65 1 0.0119843278 0.0313042514
65 2 0.0762637556 0.0818499476
66 1 0.0112357568 0.0273132771
66 2 0.067366004 0.072090596
67 1 0.010517057 0.0245042071
67 2 0.061061278 0.0651673526
68 1 0.00986781344 0.0223204754
68 2 0.056115523 0.0597488955
69 1 0.00929729827 0.0205659904
69 2 0.0520557389 0.0553179905
70 1 0.00879480131 0.0191176869
70 2 0.0486269742 0.0515899546
71 1 0.00834812224 0.0178943872
71 2 0.0456722528 0.0483881012
72 1 0.00794741232 0.0168417208
72 2 0.0430876724 0.0455953777
73 1 0.00758515811 0.0159222595
73 2 0.0408005081 0.0431300811
74 1 0.00725548994 0.0151092624
74 2 0.0387574732 0.0409325473
75 1 0.0069538597 0.0143832602
75 2 0.0369185172 0.0389581285
76 1 0.00667660357 0.0137295667
76 2 0.0352525041 0.0371722355
77 1 0.0064207376 0.0131368842
77 2 0.0337348059 0.0355476104
78 1 0.00618378073 0.0125963259
78 2 0.0323455483 0.0340623334
79 1 0.00596362446 0.0121007413
79 2 0.0310684051 0.0326984525
80 1 0.00575852906 0.0116443858
80 2 0.0298899151 0.0314412005
81 1 0.00556695228 0.011222451
81 2 0.0287986882 0.0302781239
82 1 0.00538757769 0.010830963
82 2 0.0277851522 0.029198762
83 1 0.00521925464 0.0104665514
83 2 0.0268410575 0.0281941369
84 1 0.00506100664 0.0101264128
84 2 0.025959475 0.0272567105
85 1 0.00491193216 0.00980806816
85 2 0.025134217 0.0263797641
86 1 0.00477125309 0.00950940326
86 2 0.0243599731 0.0255575404
87 1 0.00463827979 0.00922858901
87 2 0.0236321073 0.0247850269
88 1 0.00451239944 0.00896403007
88 2 0.0229465254 0.0240577925
89 1 0.0043930565 0.00871431176
89 2 0.0222996231 0.0233719442
90 1 0.00427973736 0.00847815722
90 2 0.0216881409 0.0227239691
91 1 0.00417202944 0.00825451128
91 2 0.0211092886 0.0221108533
92 1 0.00406950992 0.00804236531
92 2 0.0205604918 0.021529831
93 1 0.00397181651 0.00784083549
93 2 0.020039428 0.0209784042
94 1 0.00387861067 0.00764912367
94 2 0.0195440315 0.0204543546
95 1 0.00378959812 0.00746652298
95 2 0.0190724619 0.0199557003
96 1 0.00370449317 0.00729238242
96 2 0.0186230093 0.0194806084
97 1 0.0036230702 0.00712615857
97 2 0.0181942284 0.0190275274
98 1 0.00354507216 0.00696727214
98 2 0.017784629 0.0185948648
99 1 0.00347028859 0.00681524724
99 2 0.0173929613 0.0181812812
