# rows 64 cols 1
-12.566371
-12.1674385
-11.7685061
-11.3695736
-10.9706411
-10.5717087
-10.1727762
-9.77384377
-9.37491226
-8.97597885
-8.57704735
-8.17811394
-7.77918196
-7.3802495
-6.98131704
-6.58238506
-6.18345261
-5.78451967
-5.38558769
-4.98665524
-4.58772278
-4.18879032
-3.78985786
-3.39092636
-2.99199295
-2.59306049
-2.19412804
-1.79519558
-1.39626312
-0.997331619
-0.598399162
-0.199466705
0.199465752
0.598399162
0.997331619
1.39626408
1.79519558
2.19412804
2.59306049
2.99199295
3.39092541
3.78985691
4.18879032
4.58772182
4.98665524
5.38558674
5.78451824
6.18345356
6.58238506
6.98131847
7.38024998
7.77918339
8.17811489
8.57704639
8.9759798
9.37491131
9.77384472
10.1727762
10.5717077
10.9706411
11.3695726
11.7685061
12.1674376
12.566371
