# rows 64 cols 1
-3.49691106e-07
0.388434529
0.715866685
0.930873692
0.999689162
0.911505878
0.680172741
0.342020094
-0.0498450361
-0.433883876
-0.749780715
-0.947927415
-0.997203827
-0.889871836
-0.642787635
-0.294755608
0.0995674506
0.47825411
0.781831324
0.962624192
0.992239237
0.866025448
0.603804469
0.246758327
-0.149042323
-0.52143532
-0.811938107
-0.974927962
-0.98480773
-0.840026259
-0.563320518
-0.198146641
0.198145702
0.563320518
0.840026259
0.984807849
0.974927962
0.811938107
0.52143532
0.149042323
-0.246757403
-0.603803694
-0.866025448
-0.992239118
-0.962624192
-0.78183192
-0.478255361
-0.0995664969
0.294755608
0.642788708
0.889872074
0.997203887
0.947927117
0.74978137
0.433883011
0.0498459898
-0.342020988
-0.680172741
-0.911505461
-0.999689162
-0.93087405
-0.715866685
-0.388435394
3.49691106e-07
