0 1 0 0.197717
0 2 0.0484589 0.216467
1 1 0 0.0350717
1 2 0.0372578 0.0558528
2 1 0 0.0201517
2 2 0.0248107 0.0341795
3 1 0 0.0139409
3 2 0.0186376 0.0246056
4 1 0 0.0105623
4 2 0.0149413 0.0192015
5 1 0 0.177175
5 2 0.240206 0.329813
6 1 0 0.0395559
6 2 0.0491566 0.0769648
7 1 0 0.0215868
7 2 0.0303678 0.0429891
8 1 0 0.0146016
8 2 0.0219359 0.0295843
9 1 0 0.0109217
9 2 0.01716 0.0224565
10 1 0 0.0086667
10 2 0.0140883 0.0180517
11 1 0 0.00715131
11 2 0.0119476 0.0150679
12 1 0 0.00606711
12 2 0.0103709 0.0129168
13 1 0 0.00525534
13 2 0.00916142 0.0112948
14 1 0 0.0046262
14 2 0.00820439 0.0100291
15 1 0 0.00412518
15 2 0.00742831 0.00901469
16 1 0 0.00371736
16 2 0.00678634 0.00818397
17 1 0 0.00337936
17 2 0.00624651 0.00749147
18 1 0 0.00309494
18 2 0.00578626 0.00690557
19 1 0 0.00285251
19 2 0.00538921 0.00640355
20 1 0 0.00264356
20 2 0.00504318 0.00596871
21 1 0 0.00246172
21 2 0.00473894 0.00558848
22 1 0 0.00230212
22 2 0.00446935 0.00525325
23 1 0 0.002161
23 2 0.00422882 0.00495552
24 1 0 0.00203537
24 2 0.00401288 0.00468935
25 1 0 0.00192285
25 2 0.00381796 0.00445002
26 1 0 0.00182154
26 2 0.00364112 0.00423368
27 1 8.42937e-05 0.00147056
27 2 0.00335298 0.00382571
28 1 0 0.00165331
28 2 0.00334008 0.00386794
29 1 0 0.00157673
29 2 0.00320398 0.00370293
30 1 0 0.0015066
30 2 0.00307856 0.00355129
31 1 0 0.00144214
31 2 0.0029626 0.00341146
32 1 0 0.110945
32 2 0.22718 0.263339
33 1 0 0.0165242
33 2 0.0283683 0.0385903
34 1 0 0.0118896
34 2 0.0210232 0.0276491
35 1 0 0.00921669
35 2 0.0166851 0.0214483
36 1 0 0.00748755
36 2 0.0138237 0.0174735
37 1 0 0.00628237
37 2 0.0117958 0.0147165
38 1 0 0.00539707
38 2 0.0102844 0.012696
39 1 0 0.0047208
39 2 0.00911469 0.0111538
40 1 0 0.00418836
40 2 0.00818291 0.0099394
41 1 0 0.00375891
41 2 0.00742331 0.00895908
42 1 0 0.120184
42 2 0.238015 0.29543
43 1 0 0.0209624
43 2 0.0395081 0.0570241
44 1 0 0.014139
44 2 0.026773 0.0368633
45 1 0 0.0105767
45 2 0.0202268 0.0270212
46 1 0 0.00840032
46 2 0.0162387 0.0212302
47 1 0.00404253 0.00935758
47 2 0.0136667 0.0197955
48 1 0 0.108065
48 2 0.221864 0.288059
49 1 0 0.0235243
49 2 0.052519 0.0833396
50 1 0 0.0152785
50 2 0.0321357 0.0481758
51 1 0 0.011268
51 2 0.0232228 0.0335421
52 1 0 0.00889624
52 2 0.0181869 0.0255673
53 1 0.00337298 0.00898794
53 2 0.0145154 0.0225226
54 1 0 0.00603784
54 2 0.0125726 0.0169562
55 1 0 0.005247
55 2 0.0109273 0.0145423
56 1 0 0.0046325
56 2 0.00966005 0.0127112
57 1 0 0.00414171
57 2 0.00865412 0.0112768
58 1 0 0.00374102
58 2 0.00783634 0.0101241
59 1 0 0.00340796
59 2 0.00715854 0.0091785
60 1 0 0.00312693
60 2 0.00658769 0.00838948
61 1 0 0.00288676
61 2 0.0061004 0.00772156
62 1 0 0.00267927
62 2 0.00567963 0.00714919
63 1 0 0.0024983
63 2 0.00531267 0.00665348
64 1 0 0.00233914
64 2 0.00498985 0.00622019
65 1 0 0.00219814
65 2 0.00470369 0.00583836
66 1 0 0.00207239
66 2 0.0044483 0.00549945
67 1 0 0.00195958
67 2 0.00421898 0.0051967
68 1 0 0.10094
68 2 0.22054 0.276643
69 1 0 0.0107015
69 2 0.026094 0.0400807
70 1 0 0.0838051
70 2 0.197301 0.304045
71 1 0 0.0189018
71 2 0.0543435 0.102837
72 1 0 0.00985802
72 2 0.03052 0.0568219
73 1 0.0022697 0.0079441
73 2 0.022542 0.0400112
74 1 0 0.00555128
74 2 0.0165169 0.0298191
75 1 0 0.00466777
75 2 0.0134877 0.0240852
76 1 0 0.00404028
76 2 0.0114178 0.0201851
77 1 0 0.00357067
77 2 0.00991169 0.017361
78 1 0 0.00320533
78 2 0.00876549 0.0152221
79 1 0 0.0029125
79 2 0.00786319 0.0135463
80 1 0 0.00267219
80 2 0.00713392 0.0121981
81 1 0 0.00247116
81 2 0.00653189 0.0110902
82 1 0 0.00230031
82 2 0.00602622 0.0101637
83 1 0 0.00215316
83 2 0.00559529 0.00937758
84 1 0 0.00202499
84 2 0.00522353 0.00870219
85 1 0 0.00191226
85 2 0.00489941 0.00811575
86 1 0 0.00181225
86 2 0.00461424 0.00760182
87 1 0 0.00172287
87 2 0.00436133 0.00714777
88 1 0 0.00164247
88 2 0.00413543 0.00674376
89 1 0 0.00156971
89 2 0.0039324 0.00638196
90 1 0 0.00150352
90 2 0.00374888 0.00605611
91 1 0 0.00144302
91 2 0.00358217 0.00576113
92 1 0 0.00138749
92 2 0.00343002 0.00549285
93 1 0 0.00133632
93 2 0.00329059 0.00524781
94 1 0 0.001289
94 2 0.00316233 0.00502313
95 1 0 0.00124509
95 2 0.00304393 0.00481639
96 1 0 0.00120423
96 2 0.00293428 0.00462554
97 1 0 0.0011661
97 2 0.00283243 0.00444881
98 1 0 0.00113042
98 2 0.00273757 0.0042847
99 1 0 0.00109697
99 2 0.002649 0.00413192
